   1446.05352392129        2822.19869999217        3887.85198577207     
  0.187042845693368        1.18234495724655        1.08985056776595     
 count          74
 ind1          20 ind2          20
 svd_W
 *************************
   1.92606210261718        1.91334427311199        1.83446488826191     
   1.78710844074732        1.71639451075808        1.63806572474961     
   1.77745104615065        1.51412892394422        1.45722959234781     
   1.40464966462205        1.21426124413776       0.170624717671934     
  0.306122452200869        1.07116885045955        1.00508603723707     
  0.830378941551562       0.669172916247025       0.658602651273961     
  0.597270676596493       0.624231315894440     
 *************************
 fundamental frequency  0.000000000000000E+000   25698.9395589394     
   26427.1060205052        27864.0044159853        29277.4706761114     
   30625.9341080185        31802.9771123260        32811.6628533141     
   33984.6265894112        35310.7489892065        36614.7034785856     
   37366.5603338324        38384.9464762230        39865.5945869325     
   41496.8195426687        43319.1961951952        45344.8988375246     
   47660.6069496731        50215.7834473411        53049.4317524062     
